The following numbers represent the time difference in MICROSECONDS
between the reception ACK of rpi-D106-1 and rpi-D106-2 :

-3489
-3519
-3506
-3514
-3541
-3548
-3575
-3568
-3530
-3597
-3579
-3607
-3649
-3636
-3591
-3653
-3652
-3616
-3655
-3636
-3683
-3655
-3682
-3679
-3692
-3718
-3703
-3711
-3693
-3683
-3665
-3687
-3656
-3670
-3663
-3640
-3656
-3637
-3649
-3669
-3651
-3656
-3648
-3631
-3615
-3593
-3603
-3616
-3594
-3613
-3613
-3595
-3604
-3581
-3570
-3604
-3609
-3551
-3606
-3588
-3565
-3559
-3565
-3531
-3555
-3550
-3567
-3537
-3560
-3543
-3623
-3561
-3527
-3674
-3527
-3533
-3525
-3515
-3529
-3511
-3522
-3504
-3536
-3509
-3504
-3466
-3449
-3482
-3494
-3430
-3458
-3472
-3485
-3479
-3474
-3476
-3473
-3473
-3470
-3479
-3433
-3428
-3454
-3453
-3426
-3451
-3422
-3449
-3427
-3435
-3392
-3417
-3431
-3424
-3488
-3376
-3410
-3387
-3439
-3410
-3406
-3542
-3394
-3389
-3381
-3397
-3379
-3388
-3368
-3374
-3343
-3413
-3396
-3364
-3382
-3367
-3351
-3333
-3354
-3332
-3377
-3346
-3372
-3343
-3367
-3347
-3326
-3327
-3339
-3347
-3326
-3353
-3291
-3327
-3413
-3280
-3339
-3300
-3319
-3310
-3316
-3339
-3324
-3313
-3344
-3318
-3299
-3330
-3309
-3323
-3302
-3243
-3286
-3271
-3289
-3215
-3270
-3248
-3262
-3195
-3231
-3201
-3216
-3220
-3193
-3183
-3153
-3160
-3160
-3137
-3118
-3180
-3120
-3120
-3111
-3085
-3086
-3078
-3084
-3065
-3037
-3044
-3033
-3037
-3027
-2997
-2966
-3000
-2990
-3031
-3001
-2986
-2960
-2934
-2954
-2945
-2962
-2932
-2946
-2914
-2888
-2916
-2896
-2871
-2872
-2859
-2873
-2843
-2865
-2837
-2858
-2883
-2839
-2832
-2832
-2823
-2791
-2777
-2798
-2804
-2758
-2806
-2794
-2764
-2767
-2768
-2737
-2724
-2734
-2359
-2385
-2361
-2353
-2366
-2344
-2344
-2301
-2354
-2336
-2350
-2310
-2325
-2328
-2325
-2307
-2322
-2297
-2313
-2292
-2272
-2304
-2282
-2233
-2286
-2268
-2281
-2268
-2244
-2274
-2246
-2264
-2246
-2234
-2243
-2352
-2190
-2227
-2228
-2225
-2221
-2229
-2223
-2198
-2236
-2206
-2178
-2208
-2192
-2196
-2221
-2204
-2195
-2216
-2197
-2165
-2196
-2196
-2217
-2178
-2190
-2166
-2170
-2190
-2194
-2166
-2140
-2182
-2165
-2132
-2165
-2181
-2142
-2200
-2167
-2124
-2136
-2160
-2139
-2131
-2141
-2152
-2153
-2133
-2099
-2143
-2167
-2151
-2166
-2124
-2143
-2127
-2151
-2121
-2140
-2136
-2157
-2134
-2125
-2123
-2078
-2126
-2142
-2103
-2116
-2088
-2134
-2129
-2121
-2125
-2115
-2106
-2129
-2101
-2122
-2103
-2135
-2118
-2089
-2121
-2087
-2115
-2094
-2116
-2126
-2038
-2077
-2115
-2099
-2109
-2120
-2114
-2127
-2116
-2097
-2081
-2115
-2132
-2067
-2079
-2098
-2117
-2112
-2100
-2114
-2093
-2091
-2109
-2129
-2073
-2104
-2084
-2107
-2092
-2114
-2140
-2125
-2110
-2071
-2106
-2087
-2112
-2099
-2120
-2111
-2106
-2116
-2061
-2096
-2111
-2090
-2074
-2106
-2092
-2150
-2172
-2113
-2090
-2139
-2104
-2124
-2121
-2108
-2120
-2137
-2012
-2114
-2108
-2108
-2142
-2119
-2116
-2126
-2118
-2094
-2114
-2137
-2130
-2106
-2138
-2115
-2111
-2131
-2152
-2141
-2155
-2140
-2088
-2148
-2139
-2152
-2157
-2140
-2105
-2147
-2127
-2115
-2147
-2158
-2101
-2175
-2126
-2153
-2114
-2134
-2143
-2153
-2180
-2160
-2139
-2152
-2149
-2156
-2211
-2188
-2310
-2190
-2177
-2194
-2224
-2206
-2186
-2200
-2175
-2203
-2197
-2203
-2204
-2188
-2151
-2184
-2200
-2208
-2193
-2171
-2184
-2209
-2185
-2225
-2204
-2204
-2224
-2261
-2238
-2220
-2230
-2263
-2219
-2191
-2248
-2244
-2225
-2210
-2225
-2229
-2228
-2218
-2217
-2194
-2195
-2239
-2217
-2244
-2245
-2242
-2238
-2227
-2210
-2237
-2262
-2166
-2225
-2256
-2222
-2266
-2250
-2241
-2260
-2286
-2262
-2254
-2272
-2268
-2284
-2242
-2247
-2247
-2277
-2260
-2270
-2263
-2242
-2267
-2292
-2272
-2271
-2284
-2309
-2258
-2276
-2290
-2403
-2296
-2297
-2287
-2260
-2297
-2297
-2335
-2290
-2291
-2354
-2313
-2347
-2338
-2301
-2302
-2340
-2312
-2298
-2323
-2289
-2299
-2344
-2336
-2246
-2285
-2332
-2336
-2337
-2326
-2348
-2382
-2342
-2344
-2340
-2363
-2335
-2332
-2212
-2376
-2354
-2343
-2362
-2385
-2350
-2364
-2341
-2377
-2362
-2390
-2379
-2393
-2381
-2363
-2344
-2371
-2359
-2380
-2383
-2511
-2366
-2359
-2389
-2390
-2299
-2393
-2421
-2388
-2432
-2449
-2385
-2414
-2399
-2423
-2451
-2537
-2420
-2435
-2430
-2424
-2418
-2433
-2419
-2514
-2406
-2451
-2426
-2454
-2445
-2438
-2473
-2432
-2467
-2447
-2461
-2464
-2454
-2480
-2500
-2458
-2470
-2494
-2482
-2525
-2484
-2482
-2501
-2491
-2486
-2467
-2498
-2496
-2512
-2534
-2516
-2517
-2528
-2518
-2509
-2493
-2567
-2503
-2525
-2502
-2590
-2527
-2543
-2540
-2550
-2546
-2555
-2552
-2525
-2539
-2612
-2572
-2571
-2536
-2571
-2555
-2401
-2598
-2583
-2571
-2589
-2623
-2562
-2598
-2583
-2594
-2549
-2604
-2597
-2589
-2608
-2582
-2640
-2609
-2590
-2622
-2620
-2644
-2668
-2640
-2641
-2626
-2647
-2642
-2628
-2645
-2663
-2648
-2643
-2624
-2644
-2624
-2603
-2667
-2636
-2631
-2612
-2628
-2525
-2676
-2606
-2595
-2620
-2586
-2581
-2710
-2644
-2622
-2630
-2621
-2649
-2631
-2602
-2631
-2618
-2601
-2584
-2607
-2601
-2603
-2594
-2576
-2604
-2576
-2593
-2600
-2549
-2571
-2551
-2596
-2622
-2557
-2578
-2595
-2589
-2579
-2586
-2577
-2592
-2585
-2583
-2567
-2557
-2549
-2571
-2588
-2579
-2605
-2577
-2550
-2556
-2569
-2863
-2582
-2557
-2538
-2566
-2562
-2568
-2541
-2563
-2562
-2576
-2553
-2575
-2557
-2572
-2551
-2571
-2688
-2550
-2527
-2560
-2586
-2562
-2552
-2560
-2546
-2567
-2554
-2595
-2518
-2534
-2583
-2542
-2543
-2546
-2538
-2517
-2550
-2512
-2516
-2530
-2547
-2574
-2531
-2535
-2570
-2540
-2525
-2521
-2544
-2525
-2531
-2524
-2535
-2524
-2521
-2529
-2560
-2505
-2545
-2552
-2511
-2529
-2518
-2517
-2540
-2546
-2538
-2521
-2501
-2534
-2511
-2493
-2519
-2543
-2539
-2542
-2530
-2521
-2532
-2517
-2496
-2505
-2516
-2513
-2496
-2492
-2507
-2483
-2503
-2596
-2591
-2516
-2488
-2519
-2536
-2520
-2530
-2526
-2502
-2537
-2466
-2516
-2552
-2506
-2461
-2467
-2543
-2452
-2491
-2521
-2516
-2529
-2522
-2526
-2514
-2522
-2520
-2501
-2519
-2516
-2525
-2466
-2507
-2519
-2527
-2529
-2516
-2525
-2518
-2488
-2493
-2516
-2525
-2500
-2505
-2478
-2560
-2515
-2504
-2501
-2480
-2526
-2532
-2447
-2456
-2514
-2545
-2527
-2508
-2520
-2501
-2492
-2513
-2492
-2509
-2492
-2508
-2510
-2500
-2513
-2500
-2481
-2387
-2496
-2473
-2505
-2519
-2510
-2497
-2512
-2498
-2516
-2506
-2414
-2390
-2521
-2519
-2504
-2518
-2514
-2511
-2510
-2463
-2506
-2507
-2518
-2509
-2503
-2504
-2484
-2506
-2502
-2491
-2511
-2512
-2508
-2491
-2496
-2504
-2502
-2512
-2547
-2529
-2500
-2518
-2507
-2526
-2512
-2527
-2595
-2512
-2522
-2505
-2523
-2515
-2511
-2493
-2510
-2486
-2670
-2520
-2502
-2538
-2523
-2544
-2516
-2522
-2490
-2469
-2516
-2506
-2499
-2491
-2502
-2492
-2485
-2483
-2493
-2484
-2472
-2492
-2476
-2630
-2519
-2448
-2471
-2443
-2478
-2494
-2478
-2470
-2448
-2465
-2465
-2471
-2491
-2477
-2458
-2476
-2461
-2460
-2459
-2493
-2425
-2453
-2456
-2467
-2448
-2413
-2530
-2476
-2399
-2454
-2451
-2423
-2429
-2470
-2458
-2436
-2421
-2432
-2460
-2440
-2430
-2421
-2443
-2497
-2400
-2418
-2429
-2370
-2392
-2414
-2412
-2385
-2413
-2418
-2405
-2391
-2381
-2404
-2402
-2410
-2402
-2420
-2433
-2418
-2411
-2400
-2420
-2436
-2415
-2409
-2418
-2415
-2396
-2427
-2404
-2445
-2418
-2404
-2417
-2380
-2366
-2393
-2391
-2399
-2397
-2399
-2368
-2404
-2389
-2373
-2397
-2416
-2398
-2425
-2400
-2432
-2423
-2387
-2381
-2363
-2375
-2366
-2390
-2357
-2390
-2375
-2373
-2368
-2358
-2320
-2359
-2363
-2359
-2347
-2358
-2358
-2370
-2352
-2342
-2362
-2377
-2365
-2350
-2332
-2215
-2336
-2351
-2360
-2342
-2343
-2354
-2337
-2398
-2340
-2329
-2343
-2325
-2342
-2314
-2333
-2337
-2327
-2322
-2324
-2346
-2453
-2309
-2343
-2302
-2279
-2320
-2346
-2322
-2404
-2218
-2343
-2314
-2303
-2330
-2313
-2343
-2326
-2309
-2316
-2320
-2329
-2309
-2263
-2265
-2280
-2273
-2289
-2307
-2299
-2297
-2269
-2286
-2298
-2286
-2223
-2297
-2252
-2302
-2194
-2323
-2291
-2284
-2276
-2292
-2297
-2319
-2295
-2284
-2306
-2289
-2307
-2292
-2282
-2305
-2330
-2263
-2285
-2277
-2292
-2291
-2247
-2275
-2291
-2284
-2304
-2275
-2287
-2252
-2271
-2244
-2282
-2268
-2264
-2280
-2300
-2229
-2294
-2234
-2275
-2276
-2136
-2286
-2284
-2260
-2271
-2266
-2247
-2274
-2265
-2268
-2254
-2271
-2260
-2241
-2267
-2267
-2215
-2283
-2272
-2251
-2267
-2268
-2251
-2261
-2257
-2267
-2260
-2244
-2220
-2234
-2236
-2258
-2260
-2259
-2243
-2263
-2239
-2242
-2256
-2241
-2244
-2257
-2239
-2241
-2279
-2228
-2214
-2238
-2262
-2194
-2249
-2233
-2253
-2243
-2246
-2266
-2268
-2265
-2276
-2218
-2236
-2263
-2249
-2264
-2237
-2254
-2285
-2243
-2248
-2255
-2256
-2252
-2251
-2268
-2273
-2202
-2338
-2235
-2233
-2246
-2284
-2258
-2236
-2221
-2254
-2225
-2248
-2281
-2262
-2251
-2239
-2264
-2278
-2253
-2270
-2262
-2246
-2245
-2253
-2253
-2376
-2245
-2295
-2257
-2241
-2252
-2252
-2249
-2260
-2256
-2268
-2287
-2285
-2237
-2273
-2252
-2310
-2282
-2295
-2254
-2265
-2294
-2263
-2255
-2286
-2265
-2283
-2271
-2258
-2268
-2265
-2280
-2266
-2259
-2275
-2266
-2272
-2269
-2300
-2271
-2283
-2289
-2211
-2281
-2318
-2249
-2308
-2371
-2281
-2278
-2263
-2280
-2260
-2289
-2286
-2414
-2271
-2310
-2295
-2281
-2305
-2278
-2259
-2236
-2310
-2288
-2269
-2263
-2263
-2253
-2254
-2266
-2260
-2271
-2240
-2256
-2261
-2273
-2244
-2238
-2255
-2229
-2250
-2247
-2212
-2243
-2207
-2236
-2230
-2239
-2236
-2216
-2244
-2218
-2199
-2235
-2232
-2214
-2252
-2230
-2221
-2232
-2222
-2199
-2220
-2239
-2286
-2209
-2194
-2069
-2189
-2215
-2179
-2178
-2191
-2207
-2204
-2169
-2182
-2200
-2219
-2151
-2183
-2214
-2188
-2166
-2190
-2207
-2194
-2178
-2184
-2177
-2160
-2138
-2191
-2183
-2172
-2144
-2176
-2169
-2177
-2164
-2195
-2183
-2156
-2166
-2152
-2173
-2161
-2177
-2162
-2175
-2174
-2148
-2133
-2163
-2182
-2150
-2155
-2176
-2154
-2162
-2152
-2138
-2153
-2139
-2155
-2182
-2119
-2203
-2157
-2154
-2175
-2162
-2072
-2139
-2149
-2130
-2148
-2112
-2160
-2138
-2168
-2175
-2149
-2105
-2155
-2149
-2136
-2125
-2138
-2144
-2138
-2125
-2151
-2076
-2126
-2131
-2124
-2141
-2129
-2144
-2133
-2036
-2129
-2120
-2091
-2121
-2143
-2091
-2134
-2128
-2090
-2161
-1994
-2104
-2125
-2102
-2238
-2111
-2115
-2119
-2143
-2112
-2103
-2119
-2120
-2130
-2098
-2101
-2111
-2107
-2127
-2105
-2223
-2090
-2121
-2117
-2124
-2123
-2104
-2089
-2101
-2081
-2040
-1962
-2027
-2095
-2117
-2099
-2115
-2096
-2093
-2100
-2094
-2114
-2089
-2113
-2132
-2182
-2158
-2122
-2165
-2132
-2145
-2148
-2132
-2150
-2153
-2183
-2172
-2175
-2169
-2177
-2183
-2199
-2187
-2178
-2180
-2195
-2208
-2230
-2148
-2212
-2211
-2250
-2239
-2264
-2233
-2232
-2220
-2203
-2242
-2204
-2251
-2224
-2250
-2220
-2265
-2216
-2273
-2255
-2285
-2282
-2265
-2284
-2249
-2246
-2290
-2302
-2287
-2294
-2297
-2292
-2274
-2305
-2290
-2265
-2316
-2326
-2319
-2296
-2417
-2289
-2336
-2326
-2354
-2335
-2358
-2337
-2351
-2361
-2345
-2317
-2350
-2381
-2329
-2359
-2371
-2362
-2388
-2373
-2293
-2352
-2379
-2389
-2284
-2406
-2398
-2397
-2358
-2414
-2412
-2412
-2430
-2406
-2427
-2463
-2432
-2437
-2451
-2306
-2441
-2454
-2473
-2472
-2475
-2463
-2482
-2410
-2420
-2495
-2522
-2463
-2482
-2482
-2475
-2493
-2498
-2494
-2494
-2509
-2525
-2471
-2507
-2537
-2519
-2537
-2533
-2548
-2538
-2529
-2553
-2542
-2572
-2557
-2543
-2558
-2586
-2567
-2557
-2558
-2563
-2602
-2569
-2569
-2617
-2574
-2590
-2578
-2566
-2580
-2645
-2602
-2595
-2618
-2609
-2612
-2602
-2596
-2621
-2611
-2632
-2658
-2633
-2655
-2597
-2628
-2623
-2639
-2669
-2616
-2639
-2654
-2653
-2645
-2663
-2632
-2671
-2659
-2674
-2663
-2654
-2643
-2672
-2685
-2673
-2696
-2685
-2664
-2690
-2685
-2697
-2698
-2682
-2671
-2704
-2687
-2710
-2700
-2716
-2714
-2729
-2726
-2730
-2730
-2720
-2716
-2713
-2738
-2740
-2755
-2725
-2713
-2743
-2718
-2765
-2753
-2743
-2803
-2780
-2781
-2783
-2784
-2783
-2762
-2773
-2788
-2757
-2767
-2827
-2786
-2789
-2801
-2788
-2807
-2808
-2811
-2767
-2787
-2799
-2793
-2785
-2804
-2769
-2805
-2798
-2753
-2799
-2791
-2803
-2808
-2797
-2696
-2814
-2804
-2830
-2804
-2792
-2802
-2830
-2773
-2757
-2831
-2805
-2792
-2763
-2789
-2774
-2798
-2780
-2787
-2807
-2770
-2795
-2801
-2752
-2793
-2785
-2794
-2806
-2808
-2825
-2798
-2783
-2932
-2795
-2771
-2800
-2817
-2802
-2793
-2781
-2789
-2799
-2791
-2762
-2798
-2783
-2802
-2791
-2806
-2826
-2797
-2783
-2781
-2792
-2784
-2801
-2805
-2830
-2795
-2790
-2785
-2791
-2809
-2801
-2778
-2796
-2793
-2812
-2753
-2788
-2795
-2791
-2820
-2796
-2810
-2793
-2798
-2773
-2790
-2797
-2778
-2813
-2796
-2787
-2783
-2755
-2717
-2788
-2804
-2814
-2784
-2770
-2793
-2783
-2798
-2810
-2788
-2791
-2774
-2794
-2783
-2771
-2790
-2770
-2800
-2788
-2765
-2792
-2786
-2811
-2766
-2813
-2783
-2783
-2794
-2776
-2791
-2769
-2785
-2774
-2786
-2779
-2699
-2786
-2710
-2784
-2761
-2771
-2784
-2770
-2784
-2767
-2764
-2769
-2764
-2788
-2800
-2801
-2778
-2786
-2783
-2749
-2755
-2764
-2784
-2773
-2742
-2701
-2772
-2796
-2774
-2750
-2772
-2787
-2797
-2782
-2785
-2737
-2763
-2776
-2799
-2755
-2769
-2804
-2778
-2781
-2773
-2800
-2749
-2774
-2765
-2777
-2755
-2746
-2756
-2744
-2781
-2757
-2758
-2811
-2754
-2758
-2796
-2768
-2764
-2781
-2765
-2760
-2767
-2767
-2772
-2762
-2760
-2757
-2757
-2769
-2800
-2748
-2757
-2738
-2783
-2745
-2742
-2763
-2754
-2764
-2783
-2731
-2745
-2770
-2796
-2773
-2691
-2752
-2746
-2749
-2753
-2752
-2785
-2763
-2762
-2797
-2755
-2814
-2772
-2780
-2733
-2631
-2777
-2745
-2787
-2809
-2753
-2769
-2765
-2778
-2756
-2755
-2787
-2758
-2773
-2750
-2735
-2761
-2783
-2732
-2746
-2747
-2761
-2762
-2762
-2772
-2771
-2761
-2776
-2762
-2759
-2769
-2794
-2748
-2760
-2748
-2765
-2771
-2773
-2761
-2770
-2751
-2750
-2766
-2781
-2714
-2759
-2750
-2758
-2772
-2756
-2779
-2711
-2781
-2766
-2776
-2763
-2753
-2755
-2766
-2748
-2778
-2749
-2745
-2759
-2771
-2761
-2744
-2732
-2709
-2729
-2749
-2734
-2760
-2746
-2752
-2741
-2733
-2721
-2729
-2726
-2727
-2725
-2696
-2719
-2690
-2717
-2714
-2749
-2721
-2726
-2724
-2687
-2728
-2732
-2721
-2732
-2699
-2710
-2706
-2732
-2697
-2684
-2746
-2696
-2708
-2690
-2709
-2735
-2700
-2706
-2690
-2698
-2682
-2659
-2692
-2701
-2683
-2678
-2688
-2687
-2668
-2671
-2673
-2665
-2667
-2690
-2678
-2683
-2721
-2715
-2655
-2677
-2690
-2675
-2668
-2644
-2665
-2714
-2662
-2664
-2632
-2682
-2683
-2658
-2681
-2661
-2679
-2664
-2637
-2635
-2662
-2643
-2656
-2642
-2650
-2640
-2658
-2639
-2639
-2618
-2639
-2558
-2549
-2606
-2559
-2538
-2564
-2556
-2559
-2557
-2546
-2565
-2549
-2517
-2563
-2587
-2561
-2577
-2574
-2548
-2548
-2559
-2565
-2587
-2574
-2574
-2578
-2554
-2538
-2611
-2435
-2546
-2557
-2561
-2591
-2591
-2509
-2567
-2572
-2563
-2575
-2573
-2577
-2568
-2547
-2578
-2567
-2582
-2568
-2566
-2584
-2600
-2596
-2594
-2591
-2585
-2579
-2643
-2582
-2617
-2590
-2599
-2567
-2591
-2591
-2577
-2576
-2597
-2560
-2604
-2579
-2601
-2601
-2612
-2597
-2574
-2606
-2629
-2623
-2606
-2623
-2614
-2600
-2627
-2607
-2587
-2608
-2601
-2618
-2594
-2632
-2618
-2598
-2616
-2612
-2623
-2644
-2614
-2625
-2605
-2617
-2624
-2645
-2673
-2631
-2650
-2639
-2620
-2601
-2593
-2628
-2593
-2624
-2636
-2626
-2617
-2626
-2614
-2610
-2635
-2622
-2644
-2622
-2608
-2668
-2647
-2639
-2649
-2639
-2627
-2613
-2644
-2610
-2639
-2631
-2637
-2656
-2650
-2631
-2722
-2644
-2661
-2653
-2674
-2667
-2640
-2790
-2659
-2681
-2665
-2671
-2641
-2649
-2678
-2667
-2688
-2691
-2665
-2659
-2667
-2689
-2684
-2655
-2652
-2674
-2688
-2683
-2666
-2689
-2699
-2695
-2741
-2709
-2720
-2725
-2705
-2680
-2708
-2720
-2693
-2667
-2702
-2709
-2699
-2720
-2706
-2705
-2714
-2704
-2714
-2701
-2685
-2711
-2707
-2729
-2692
-2660
-2686
-2714
-2727
-2723
-2744
-2694
-2732
-2708
-2806
-2760
-2723
-2722
-2733
-2720
-2704
-2720
-2693
-2735
-2705
-2734
-2613
-2751
-2741
-2744
-2742
-2737
-2760
-2737
-2736
-2747
-2771
-2761
-2750
-2740
-2759
-2756
-2763
-2752
-2763
-2771
-2771
-2739
-2782
-2765
-2754
-2753
-2727
-2755
-2815
-2763
-2791
-2801
-2780
-2769
-2797
-2777
-2773
-2748
-2768
-2739
-2795
-2769
-2787
-2775
-2781
-2783
-2793
-2785
-2793
-2805
-2798
-2819
-2801
-2786
-2805
-2790
-2819
-2719
-2816
-2807
-2833
-2797
-2807
-2791
-2808
-2831
-2810
-2820
-2800
-2795
-2805
-2784
-2818
-2840
-2827
-2815
-2839
-2814
-2848
-2854
-2800
-2848
-2856
-2814
-2786
-2841
-2832
-2803
-2852
-2840
-2815
-2789
-2996
-2846
-2850
-2843
-2839
-2849
-2848
-2823
-2846
-2842
-2835
-2851
-2859
-2860
-2843
-2864
-2843
-2838
-2851
-2859
-2867
-2861
-2891
-2841
-2854
-2849
-2897
-2878
-2855
-2852
-2862
-2846
-2869
-2794
-2842
-2822
-2832
-2801
-2832
-2832
-2818
-2835
-2827
-2935
-2822
-2802
-2800
-2813
-2799
-2811
-2842
-2814
-2776
-2793
-2804
-2797
-2801
-2841
-2801
-2790
-2767
-2830
-2745
-2789
-2782
-2760
-2784
-2761
-2778
-2724
-2707
-2768
-2756
-2771
-2758
-2771
-2754
-2754
-2755
-2763
-2757
-2747
-2761
-2749
-2746
-2747
-2734
-2714
-2735
-2753
-2702
-2752
-2732
-2744
-2731
-2713
-2716
-2665
-2727
-2712
-2712
-2721
-2708
-2717
-2700
-2738
-2703
-2691
-2675
-2692
-2666
-2697
-2693
-2673
-2674
-2675
-2686
-2702
-2688
-2665
-2661
-2681
-2692
-2674
-2768
-2675
-2662
-2676
-2661
-2643
-2669
-2662
-2656
-2640
-2682
-2702
-2644
-2662
-2609
-2659
-2638
-2643
-2646
-2662
-2647
-2648
-2610
-2629
-2629
-2638
-2629
-2624
-2620
-2643
-2626
-2620
-2630
-2616
-2642
-2620
-2589
-2619
-2607
-2614
-2599
-2621
-2566
-2598
-2587
-2596
-2581
-2669
-2643
-2600
-2592
-2604
-2587
-2538
-2591
-2595
-2560
-2619
-2597
-2575
-2595
-2581
-2591
-2578
-2578
-2590
-2573
-2597
-2573
-2612
-2576
-2570
-2551
-2563
-2577
-2570
-2555
-2544
-2551
-2547
-2528
-2587
-2558
-2548
-2565
-2540
-2563
-2517
-2595
-2549
-2527
-2568
-2541
-2528
-2533
-2523
-2521
-2530
-2544
-2522
-2545
-2534
-2515
-2524
-2524
-2518
-2537
-2509
-2486
-2502
-2511
-2512
-2497
-2523
-2507
-2539
-2483
-2513
-2498
-2497
-2507
-2496
-2474
-2483
-2514
-2490
-2476
-2446
-2486
-2459
-2486
-2493
-2524
-2470
-2491
-2465
-2488
-2439
-2459
-2477
-2455
-2461
-2470
-2459
-2478
-2488
-2429
-2442
-2440
-2459
-2487
-2462
-2474
-2467
-2489
-2452
-2475
-2463
-2448
-2490
-2453
-2440
-2473
-2440
-2439
-2453
-2449
-2419
-2463
-2430
-2406
-2445
-2475
-2492
-2428
-2450
-2494
-2413
-2442
-2343
-2424
-2428
-2440
-2393
-2437
-2445
-2438
-2438
-2434
-2456
-2460
-2496
-2409
-2432
-2441
-2453
-2415
-2411
-2427
-2439
-2433
-2432
-2414
-2434
-2421
-2413
-2387
-2456
-2386
-2410
-2566
-2376
-2408
-2436
-2406
-2388
-2406
-2426
-2407
-2409
-2374
-2404
-2418
-2400
-2390
-2378
-2404
-2424
-2386
-2358
-2357
-2399
-2406
-2439
-2410
-2390
-2385
-2406
-2388
-2434
-2399
-2403
-2432
-2392
-2399
-2394
-2398
-2378
-2401
-2322
-2424
-2358
-2370
-2392
-2395
-2421
-2390
-2380
-2406
-2383
-2399
-2380
-2369
-2388
-2221
-2384
-2360
-2396
-2372
-2403
-2392
-2369
-2360
-2374
-2359
-2377
-2407
-2359
-2372
-2356
-2378
-2353
-2371
-2358
-2355
-2330
-2469
-2374
-2360
-2373
-2319
-2335
-2354
-2353
-2338
-2362
-2336
-2328
-2346
-2333
-2352
-2372
-2376
-2349
-2326
-2356
-2339
-2348
-2348
-2350
-2340
-2258
-2339
-2366
-2344
-2333
-2347
-2367
-2325
-2275
-2319
-2357
-2334
-2348
-2339
-2328
-2341
-2353
-2343
-2330
-2174
-2333
-2356
-2343
-2305
-2303
-2335
-2334
-2288
-2307
-2344
-2329
-2399
-2331
-2310
-2319
-2314
-2331
-2323
-2338
-2342
-2321
-2336
-2307
-2289
-2311
-2309
-2282
-2318
-2324
-2303
-2306
-2319
-2289
-2321
-2314
-2304
-2265
-2296
-2312
-2303
-2317
-2310
-2306
-2311
-2315
-2309
-2284
-2371
-2296
-2280
-2270
-2305
-2306
-2304
-2313
-2305
-2291
-2305
-2286
-2322
-2304
-2286
-2299
-2527
-2322
-2292
-2288
-2294
-2326
-2306
-2331
-2298
-2286
-2360
-2290
-2281
-2263
-2277
-2302
-2293
-2273
-2287
-2280
-2216
-2291
-2286
-2288
-2287
-2303
-2294
-2300
-2286
-2280
-2285
-2279
-2281
-2278
-2268
-2280
-2299
-2288
-2273
-2274
-2314
-2302
-2274
-2289
-2287
-2263
-2259
-2277
-2264
-2274
-2304
-2281
-2272
-2260
-2259
-2263
-2228
-2296
-2244
-2275
-2282
-2265
-2266
-2271
-2260
-2278
-2263
-2278
-2276
-2295
-2235
-2263
-2250
-2262
-2245
-2269
-2262
-2247
-2290
-2276
-2242
-2266
-2227
-2279
-2283
-2257
-2281
-2258
-2153
-2271
-2284
-2262
-2190
-2245
-2249
-2248
-2291
-2252
-2233
-2265
-2218
-2266
-2246
-2265
-2237
-2253
-2223
-2259
-2287
-2281
-2269
-2243
-2262
-2226
-2275
-2243
-2221
-2251
-2249
-2263
-2254
-2249
-2212
-2250
-2267
-2357
-2264
-2255
-2222
-2260
-2272
-2239
-2235
-2248
-2252
-2265
-2258
-2248
-2273
-2257
-2237
-2257
-2288
-2256
-2248
-2217
-2253
-2252
-2242
-2253
-2276
-2212
-2246
-2255
-2229
-2225
-2249
-2270
-2279
-2243
-2250
-2218
-2259
-2264
-2256
-2348
-2227
-2248
-2186
-2246
-2250
-2227
-2239
-2236
-2250
-2225
-2255
-2245
-2259
-2245
-2266
-2252
-2245
-2224
-2259
-2233
-2250
-2254
-2255
-2251
-2235
-2241
-2230
-2224
-2283
-2232
-2258
-2243
-2249
-2228
-2264
-2246
-2236
-2264
-2250
-2208
-2249
-2251
-2422
-2261
-2234
-2246
-2252
-2292
-2262
-2251
-2242
-2263
-2244
-2245
-2246
-2239
-2219
-2224
-2261
-2244
-2231
-2250
-2229
-2255
-2216
-2250
-2271
-2258
-2245
-2222
-2317
-2236
-2390
-2241
-2224
-2244
-2237
-2221
-2236
-2209
-2250
-2270
-2247
-2250
-2215
-2241
-2231
-2230
-2243
-2252
-2271
-2225
-2235
-2261
-2217
-2224
-2215
-2237
-2232
-2252
-2236
-2247
-2223
-2217
-2278
-2248
-2248
-2269
-2243
-2251
-2199
-2225
-2244
-2228
-2248
-2193
-2244
-2245
-2215
-2244
-2238
-2248
-2240
-2218
-2245
-2258
-2247
-2238
-2155
-2239
-2230
-2246
-2236
-2213
-2226
-2244
-2229
-2233
-2230
-2241
-2236
-2242
-2228
-2250
-2290
-2225
-2239
-2266
-2245
-2224
-2212
-2236
-2245
-2243
-2228
-2248
-2236
-2251
-2232
-2239
-2254
-2217
-2219
-2240
-2268
-2232
-2204
-2253
-2261
-2234
-2250
-2209
-2319
-2239
-2263
-2280
-2250
-2240
-2224
-2235
-2265
-2219
-2232
-2251
-2225
-2242
-2250
-2230
-2263
-2234
-2216
-2294
-2235
-2246
-2230
-2266
-2196
-2279
-2239
-2229
-2223
-2238
-2212
-2199
-2239
-2252
-2243
-2244
-2396
-2239
-2206
-2235
-2244
-2190
-2253
-2239
-2228
-2217
-2227
-2212
-2217
-2105
-2220
-2213
-2205
-2217
-2244
-2203
-2220
-2215
-2219
-2215
-2182
-2217
-2220
-2206
-2228
-2218
-2207
-2204
-2205
-2222
-2222
-2183
-2213
-2190
-2218
-2194
-2172
-2208
-2189
-2211
-2188
-2202
-2199
-2183
-2182
-2178
-2198
-2076
-2185
-2187
-2170
-2187
-2205
-2183
-2178
-2184
-2182
-2169
-2178
-2162
-2161
-2161
-2149
-2166
-2136
-2180
-2150
-2148
-2163
-2147
-2134
-2122
-2133
-2141
-2159
-2143
-2162
-2148
-2127
-2146
-2138
-2131
-2135
-2129
-2139
-2106
-2236
-2088
-2102
-2108
-2232
-2127
-2112
-2113
-2121
-2114
-2093
-2105
-2102
-2118
-2100
-2113
-2106
-2087
-2099
-2084
-2100
-2089
-2112
-2082
-2086
-2089
-2078
-2106
-2088
-2091
-2083
-2092
-2089
-2098
-2082
-2179
-2063
-2075
-2068
-2095
-2056
-2054
-2072
-2061
-2048
-2060
-2048
-2060
-2057
-2063
-2048
-2065
-2045
-2037
-2012
-2041
-2062
-2010
-2029
-2055
-2024
-2020
-2029
-2036
-2031
-2028
-2064
-2018
-2022
-1930
-2008
-1892
-2028
-2023
-1996
-2026
-2004
-2019
-2005
-2042
-1962
-2008
-1992
-2000
-1878
-2012
-1991
-1972
-1991
-2001
-1999
-1967
-2012
-2001
-2003
-1941
-1902
-1957
-1972
-1939
-1974
-2010
-1979
-1988
-1985
-1971
-1942
-1965
-1954
-1992
-1989
-1967
-1964
-1924
-1998
-1963
-1995
-1958
-1951
-1941
-1949
-1985
-1955
-1951
-1959
-1947
-1934
-1946
-1950
-1911
-1944
-2363
-1911
-1941
-1949
-1946
-1951
-1927
-1920
-1887
-1918
-1937
-1965
-1937
-1927
-1911
-1908
-1920
-1911
-1890
-1889
-1926
-1912
-1926
-1909
-1910
-1925
-1902
-1883
-1897
-1917
-1907
-1930
-1881
-1934
-1887
-1891
-1928
-1879
-1887
-1910
-1843
-1880
-1868
-1881
-1909
-1880
-1894
-1885
-1872
-1894
-1869
-1844
-1872
-1904
-1839
-1875
-1852
-1867
-1878
-1813
-1863
-1880
-1865
-1857
-1924
-1963
-1868
-1848
-1865
-1852
-1855
-1869
-1847
-1832
-1854
-1840
-1856
-1835
-1808
-1838
-1820
-1834
-1855
-1846
-1812
-1897
-1921
-1828
-1822
-1815
-1818
-1837
-1794
-1810
-1831
-1807
-1823
-1800
-1829
-1809
-1787
-1787
-1801
-1796
-1803
-1772
-1803
-1773
-1780
-1788
-1795
-1795
-1774
-1782
-1783
-1800
-1786
-1781
-1785
-1776
-1794
-1780
-1797
-1779
-1746
-1781
-1767
-1753
-1778
-1745
-1766
-1765
-1759
-1793
-1761
-1769
-1750
-1735
-1753
-1772
-1734
-1741
-1729
-1731
-1735
-1751
-1759
-1708
-1748
-1704
-1729
-1711
-1721
-1713
-1741
-1752
-1724
-1698
-1737
-1725
-1731
-1720
-1611
-1729
-1710
-1744
-1720
-1691
-1757
-1707
-1702
-1693
-1604
-1760
-1705
-1729
-1699
-1709
-1725
-1701
-1663
-1719
-1691
-1698
-1698
-1709
-1664
-1683
-1696
-1676
-1683
-1702
-1675
-1673
-1676
-1670
-1682
-1689
-1663
-1665
-1700
-1649
-1763
-1654
-1658
-1534
-1657
-1648
-1639
-1663
-1648
-1639
-1645
-1628
-1648
-1659
-1625
-1642
-1628
-1641
-1623
-1639
-1631
-1560
-1626
-1600
-1634
-1646
-1656
-1626
-1608
-1624
-1630
-1627
-1666
-1633
-1621
-1624
-1619
-1610
-1706
-1508
-1626
-1610
-1601
-1618
-1626
-1611
-1625
-1670
-1593
-1635
-1612
-1579
-1592
-1570
-1578
-1572
-1602
-1585
-1607
-1596
-1591
-1581
-1650
-1582
-1575
-1599
-1573
-1553
-1577
-1587
-1571
-1566
-1564
-1569
-1570
-1570
-1537
-1540
-1560
-1562
-1524
-1543
-1543
-1556
-1561
-1524
-1535
-1526
-1540
-1548
-1544
-1556
-1535
-1534
-1514
-1530
-1548
-1533
-1553
-1513
-1512
-1522
-1533
-1540
-1526
-1517
-1538
-1515
-1536
-1521
-1570
-1480
-1540
-1517
-1507
-1516
-1515
-1515
-1495
-1503
-1496
-1514
-1524
-1516
-1511
-1506
-1504
-1489
-1542
-1531
-1472
-1597
-1476
-1492
-1503
-1496
-1481
-1499
-1489
-1503
-1455
-1507
-1465
-1481
-1497
-1570
-1490
-1485
-1478
-1491
-1479
-1456
-1475
-1479
-1470
-1438
-1461
-1511
-1461
-1469
-1433
-1469
-1496
-1470
-1456
-1459
-1476
-1430
-1469
-1461
-1467
-1418
-1439
-1492
-1446
-1450
-1453
-1457
-1462
-1331
-1456
-1444
-1468
-1439
-1459
-1443
-1423
-1456
-1432
-1425
-1434
-1449
-1431
-1438
-1459
-1433
-1455
-1423
-1440
-1397
-1411
-1400
-1417
-1438
-1369
-1259
-1420
-1412
-1423
-1301
-1395
-1376
-1398
-1376
-1359
-1377
-1397
-1379
-1365
-1441
-1356
-1391
-1363
-1402
-1281
-1405
-1386
-1363
-1350
-1363
-1356
-1353
-1363
-1342
-1353
-1319
-1290
-1331
-1326
-1339
-1325
-1346
-1328
-1299
-1291
-1316
-1289
-1313
-1327
-1317
-1310
-1306
-1309
-1308
-1285
-1335
-1311
-1312
-1311
-1305
-1301
-1271
-1294
-1294
-1300
-1265
-1272
-1291
-1294
-1181
-1273
-1283
-1275
-1279
-1310
-1305
-1275
-1270
-1282
-1257
-1271
-1274
-1274
-1262
-1252
-1259
-1241
-1267
-1252
-1236
-1260
-1236
-1261
-1251
-1228
-1257
-1241
-1244
-1235
-1218
-1231
-1268
-1240
-1260
-1205
-1231
-1238
-1230
-1259
-1224
-1217
-1244
-1224
-1250
-1242
-1212
-1216
-1240
-1216
-1224
-1234
-1194
-1209
-1189
-1202
-1191
-1164
-1129
-1200
-1195
-1201
-1195
-1178
-1194
-1130
-1168
-1177
-1043
-1135
-1164
-1177
-1214
-1160
-1159
-1171
-1144
-1160
-1173
-1210
-1184
-1168
-1134
-1173
-1140
-1149
-1154
-1174
-1295
-1150
-1150
-1153
-1151
-1249
-1144
-1296
-1154
-1141
-1136
-1162
-1131
-1056
-1143
-1134
-1153
-1138
-1157
-1138
-1131
-1132
-1121
-1141
-1109
-1152
-1093
-1139
-1129
-1104
-1097
-1151
-1155
-1126
-1101
-1129
-1105
-1118
-1104
-1088
-1109
-1126
-1077
-1097
-1108
-1116
-1093
-1078
-1202
-1086
-1057
-1106
-1055
-1081
-1061
-1069
-1090
-1083
-1064
-1090
-1071
-1078
-1071
-1062
-1094
-1054
-1049
-1058
-1050
-1061
-1065
-1060
-1060
-1050
-1066
-1082
-1060
-1025
-940
-1045
-1033
-1045
-1045
-1028
-1053
-1033
-1042
-1016
-1039
-1011
-1010
-1040
-1045
-1039
-1057
-1038
-1201
-1052
-1018
-1036
-1015
-1011
-1118
-1004
-1003
-989
-1045
-988
-1154
-993
-1016
-990
-994
-997
-980
-1012
-972
-981
-1015
-948
-968
-975
-947
-962
-903
-889
-940
-936
-965
-965
-957
-954
-954
-967
-936
-942
-962
-945
-922
-913
-920
-947
-938
-966
-942
-910
-928
-914
-913
-924
-907
-914
-907
-928
-924
-900
-748
-843
-882
-899
-884
-901
-925
-947
-862
-869
-851
-892
-856
-869
-869
-908
-887
-871
-865
-881
-907
-872
-851
-849
-835
-851
-880
-850
-845
-863
-809
-833
-821
-828
-859
-840
-832
-838
-844
-841
-805
-839
-831
-795
-831
-835
-829
-814
-808
-812
-831
-801
-802
-805
-793
-788
-754
-811
-793
-773
-803
-838
-793
-827
-772
-779
-814
-785
-773
-786
-775
-799
-753
-766
-778
-717
-770
-741
-750
-763
-753
-767
-724
-729
-774
-744
-864
-746
-717
-739
-732
-710
-741
-749
-728
-721
-755
-717
-688
-721
-739
-725
-730
-733
-741
-721
-707
-653
-706
-743
-686
-692
-692
-703
-689
-679
-703
-710
-704
-673
-668
-680
-654
-653
-706
-649
-657
-644
-668
-647
-665
-662
-666
-664
-639
-655
-632
-664
-637
-640
-649
-624
-622
-626
-659
-644
-623
-649
-629
-637
-631
-633
-585
-615
-603
-615
-624
-606
-614
-613
-613
-582
-584
-587
-608
-595
-599
-596
-582
-595
-625
-571
-583
-596
-590
-589
-576
-566
-585
-571
-582
-575
-593
-568
-558
-577
-565
-587
-566
-559
-574
-544
-584
-544
-543
-555
-433
-567
-542
-564
-540
-532
-558
-532
-418
-389
-541
-533
-510
-537
-558
-528
-520
-530
-530
-555
-523
-523
-489
-510
-520
-520
-508
-502
-506
-488
-510
-487
-569
-485
-496
-494
-507
-502
-477
-475
-480
-469
-482
-459
-484
-477
-485
-477
-420
-435
-449
-433
-453
-475
-449
-456
-495
-456
-479
-455
-469
-441
-442
-442
-445
-444
-442
-426
-429
-403
-424
-421
-413
-439
-410
-438
-415
-396
-520
-408
-417
-522
-421
-443
-421
-415
-433
-404
-386
-386
-402
-411
-410
-425
-403
-403
-372
-405
-392
-400
-393
-367
-398
-363
-402
-416
-391
-387
-400
-436
-383
-402
-374
-367
-371
-401
-388
-398
-343
-382
-395
-379
-389
-425
-403
-345
-404
-384
-393
-390
-381
-361
-373
-372
-357
-324
-382
-373
-382
-339
-361
-401
-367
-342
-367
-386
-374
-356
-379
-405
-376
-365
-375
-360
-321
-349
-341
-368
-361
-351
-327
-346
-377
-344
-385
-362
-344
-353
-349
-334
-345
-306
-340
-341
-346
-382
-343
-330
-338
-348
-334
-338
-326
-307
-331
-375
-338
-357
-339
-325
-343
-292
-312
-306
-321
-330
-317
-299
-312
-347
-302
-327
-328
-317
-309
-288
-308
-314
-317
-312
-313
-236
-336
-309
-293
-309
-357
-282
-307
-283
-305
-315
-284
-296
-307
-308
-320
-322
-283
-271
-288
-202
-264
-307
-199
-276
-250
-287
-298
-299
-274
-257
-280
-273
-288
-274
-273
-300
-306
-263
-296
-273
-297
-272
-276
-341
-406
-292
-279
-265
-238
-264
-253
-237
-332
-232
-244
-225
-297
-182
-258
-245
-266
-261
-244
-250
-274
-262
-249
-219
-250
-259
-215
-270
-217
-172
-253
-256
-252
-242
-244
-217
-232
-235
-245
-205
-212
-219
-202
-234
-219
-197
-214
-234
-230
-241
-227
-215
-195
-213
-229
-216
-199
-185
-192
-227
-280
-221
-211
-209
-172
-202
-229
-207
-189
-201
-218
-201
-244
-208
-217
-198
-209
-51
-195
-200
-192
-175
-184
-207
-182
-180
-185
-214
-194
-160
-168
-184
-166
-195
-34
-196
-202
-196
-193
-157
-187
-208
-16
-213
-184
-131
-200
-157
-170
-182
-213
-181
-172
-136
-125
-159
-152
-157
-122
-145
-160
-132
-144
-141
-90
-146
-161
-215
-157
-139
-128
-136
-135
-158
-141
-112
-141
-124
-145
-146
-137
-121
-100
-95
-154
-149
-111
-97
-115
-101
-113
-103
-132
-124
-95
-122
-117
-103
-94
-134
-110
-106
-108
-103
-101
-74
-107
-82
-80
-84
-90
-160
-92
-75
-104
-146
-82
-86
-70
-79
-60
-112
-80
-89
-70
-37
-85
-78
-100
-67
-57
-75
-14
24
-70
-80
-62
-61
-37
-43
-78
-73
-17
-11
-34
-22
-48
-52
-53
-49
-50
-180
-64
-40
-27
-49
-33
-28
-37
-48
-38
-21
-15
-25
-58
-81
-17
-23
-65
-32
-29
-43
23
-16
-30
-15
-21
-10
-38
-12
-5
0
4
-128
-10
-18
-10
-9
-19
7
-4
33
-6
-2
1
2
8
22
-3
17
-112
-11
48
-29
28
-4
35
42
29
5
70
-8
50
42
9
31
49
61
9
25
0
46
44
45
65
36
30
31
22
34
59
35
4
40
51
34
54
-43
37
30
66
65
43
27
25
55
69
85
65
46
66
42
41
64
55
63
94
-52
86
64
78
69
-47
47
64
88
81
87
144
76
86
109
107
71
88
122
38
92
111
92
117
100
125
85
80
136
104
132
96
127
112
69
96
104
88
97
115
100
121
116
129
97
113
97
110
115
104
113
132
153
123
128
136
137
114
100
108
139
117
140
113
139
130
77
144
127
139
82
148
142
128
152
152
140
137
168
186
160
136
150
152
157
130
138
121
156
171
176
205
183
180
170
181
179
143
191
190
188
186
202
177
200
168
173
166
184
205
214
197
207
230
231
187
206
196
200
214
105
217
220
210
213
197
207
206
206
176
204
212
201
210
359
206
247
203
214
191
140
182
203
213
113
217
172
194
200
246
195
191
167
213
189
223
190
173
229
200
170
196
210
222
202
189
202
172
215
210
206
198
205
230
217
193
199
201
194
202
173
212
218
191
168
218
200
202
201
188
194
194
222
203
199
189
208
231
217
188
204
208
198
222
298
207
203
189
217
199
200
193
191
207
199
203
218
201
205
245
196
184
197
214
192
223
227
218
233
158
181
197
192
187
205
217
205
203
227
161
191
158
172
199
225
190
199
200
185
221
142
180
217
215
202
228
198
207
210
212
202
209
196
202
186
186
162
194
215
189
209
223
197
180
184
225
203
191
204
180
192
201
186
178
185
194
214
196
186
176
149
175
193
196
182
176
189
196
160
192
226
182
200
219
167
167
199
207
187
167
185
172
173
115
187
222
155
183
124
171
225
224
185
198
190
191
197
178
177
212
192
200
181
194
195
168
212
188
169
182
195
186
194
214
188
163
187
215
182
192
223
187
206
184
194
222
183
179
189
206
212
249
186
184
176
187
195
182
187
183
150
167
190
187
213
197
184
193
202
174
188
201
184
169
180
189
183
186
193
191
177
187
200
176
202
183
152
175
170
169
182
196
188
184
200
189
193
180
185
188
172
176
172
194
202
192
165
184
218
179
228
176
190
193
174
195
170
180
124
181
182
183
187
204
179
152
183
204
168
145
211
233
172
187
189
214
180
192
219
188
206
187
200
179
192
184
180
204
186
192
181
181
197
187
208
182
125
215
200
198
219
198
220
204
179
367
229
192
205
194
78
204
197
200
193
196
174
199
209
193
171
173
185
193
196
172
194
169
191
307
255
200
174
234
227
184
189
201
145
198
180
204
168
191
166
192
193
212
147
160
210
204
219
206
210
196
202
232
216
220
200
210
189
170
219
230
184
308
206
175
175
193
183
175
190
159
224
212
208
178
186
193
172
177
204
177
193
207
194
200
189
226
173
192
203
183
228
184
203
189
165
179
190
206
168
162
192
228
211
188
207
220
159
181
196
217
196
203
187
119
205
193
165
195
219
181
185
198
194
164
183
194
181
184
205
188
148
226
177
206
229
200
210
204
175
194
-13
196
194
203
188
157
305
215
203
228
151
181
202
166
191
188
222
197
213
178
196
188
175
185
208
175
201
184
186
194
194
194
206
199
200
193
177
193
158
188
227
165
197
179
178
201
226
197
158
193
198
164
189
166
188
206
200
195
207
183
204
187
190
76
192
206
212
214
188
156
175
188
173
491
202
184
198
174
215
185
220
205
209
191
189
196
195
196
207
205
203
178
231
167
69
199
182
202
159
183
191
217
187
214
194
193
197
203
191
204
208
183
205
195
193
173
171
170
185
197
167
194
212
170
189
177
186
172
175
160
169
165
177
195
177
181
191
166
133
157
164
184
167
149
162
167
159
176
183
211
162
158
172
170
162
167
147
173
183
158
130
155
179
140
156
137
194
118
149
131
140
166
117
140
127
143
49
146
108
131
138
120
134
141
121
129
131
170
139
153
122
111
126
114
116
90
119
130
116
120
93
114
125
106
131
125
106
121
105
93
110
117
99
103
116
124
110
95
102
111
108
110
129
96
166
104
112
110
96
63
88
130
116
99
104
39
78
84
94
81
93
90
68
80
107
73
39
74
61
79
27
42
69
52
64
68
122
60
71
48
79
-43
63
78
54
88
56
61
50
56
75
45
-53
32
47
-74
47
142
45
57
62
58
35
-58
18
41
42
5
35
17
54
74
11
10
23
22
35
20
25
14
27
4
15
-13
51
-39
40
7
23
36
24
75
136
12
1
14
23
-4
-4
-2
30
20
-36
37
2
2
-7
-37
-25
-5
-28
-8
-21
-22
-48
-19
-6
-11
-12
-2
-33
-18
-20
37
128
-28
-24
-34
-24
-33
-14
-33
-38
-39
-35
-37
-8
-20
-22
-37
-32
-60
-11
-48
-31
-20
-49
-41
-51
-41
-27
-49
-62
-51
-62
-57
-46
-61
-47
-44
-40
-76
-23
-45
-42
-61
-69
-62
-23
-101
-62
-19
-36
-49
-54
-22
-60
-85
-71
-73
-62
-75
-85
-75
-50
-92
-32
38
-88
-59
-64
-81
-56
-59
-56
-59
-78
-65
-103
-65
-96
-117
-86
-87
-99
-85
-57
-80
-74
-108
-81
-103
61
-77
-73
-73
-62
-81
-72
-55
31
-41
-74
-67
-87
-121
-95
-92
-94
-76
-97
-86
-82
-108
-116
-63
-95
-102
-100
-72
-87
-65
