The following numbers represent the time difference in MICROSECONDS
between the reception ACK of rpi-D106-1 and rpi-D106-2 :

-8325
-8294
-8275
-8229
-8185
-8152
-8104
-8177
-8028
-7984
-7905
-7798
-7737
-7693
-7499
-7472
-7421
-7372
-7312
-7255
-7236
-7201
-7173
-7176
-7081
-7106
-7011
-6964
-6927
-6909
-6855
-6817
-6785
-6743
-6700
-6690
-6610
-6551
-6562
-6556
-6505
-6457
-6494
-6400
-6371
-6363
-6305
-6292
-6247
-6218
-6144
-6129
-6100
-6094
-6049
-6038
-6021
-5969
-5923
-5880
-5969
-5796
-5821
-5773
-5706
-5735
-5646
-5553
-5536
-5490
-5485
-5421
-5388
-5327
-5354
-5228
-5233
-5189
-5017
-5126
-5122
-5183
-5045
-5026
-4999
-4969
-4969
-4929
-4896
-4859
-4843
-4870
-4796
-4764
-4741
-4740
-4730
-4698
-4651
-4622
-4548
-4541
-4561
-4525
-4528
-4436
-4469
-4498
-4442
-4434
-4386
-4387
-4375
-4345
-4326
-4322
-4331
-4268
-4206
-4170
-4165
-4140
-4136
-4125
-4115
-4153
-4069
-4034
-4064
-3964
-4012
-4033
-3988
-4006
-3996
-3932
-3934
-3923
-3892
-3880
-3895
-3914
-3749
-3844
-3832
-3927
-3938
-3838
-3804
-3785
-3763
-3784
-3777
-3830
-3734
-3760
-3775
-3723
-3728
-3714
-3703
-3684
-3690
-3710
-3665
-3636
-3669
-3654
-3632
-3579
-3639
-3657
-3621
-3637
-3622
-3618
-3596
-3759
-3626
-3592
-3601
-3616
-3509
-3573
-3585
-3581
-3556
-3561
-3573
-3567
-3553
-3552
-3554
-3542
-3576
-3541
-3569
-3582
-3598
-3553
-3573
-3551
-3552
-3573
-3565
-3554
-3587
-3565
-3499
-3554
-3533
-3571
-3562
-3570
-3573
-3556
-3551
-3558
-3545
-3554
-3527
-3589
-3565
-3509
-3518
-3382
-3369
-3322
-3289
-3247
-3191
-3210
-3186
-3125
-3049
-3016
-3009
-2965
-2954
-2871
-2890
-2852
-2850
-2820
-2776
-2731
-2709
-2714
-2673
