The following numbers represent the time difference in MICROSECONDS
between the reception ACK of rpi-D106-1 and rpi-D106-2 :

-2252
-2319
-2398
-2430
-2477
-2482
-2536
-2561
-2594
-2647
-2677
-2774
-2897
-2928
-2941
-3037
-3101
-3124
-3151
-3207
-3286
-3325
-3496
-3242
-3413
-3413
-3435
-3445
-3430
-3432
-3501
-3472
-3493
-3507
-3505
-3516
-3520
-3533
-3562
-3534
-3571
-3570
-3575
-3606
-3611
-3652
-3610
-3649
-3641
-3680
-3696
-3695
-3693
-3733
-3735
-3739
-3771
-3778
-3778
-3787
-3823
-3815
-3888
-3859
-3931
-3929
-3944
-3984
-3986
-3950
-4025
-4033
-4043
-4073
-4120
-4125
-4161
-4171
-4186
-4197
-4189
-4247
-4268
-4289
-4336
-4426
-4360
-4342
-4361
-4401
-4424
-4474
-4453
-4487
-4498
-4495
-4542
-4559
-4612
-4699
-4796
-4814
-4808
-4861
-4937
-4896
-4900
-4985
-4971
-5011
-5022
-5041
-5070
-5105
-5097
-5104
-5140
-5181
-5235
-5258
-5262
-5324
-5291
-5453
-5227
-5414
-5371
-5466
-5447
-5506
-5508
-5522
-5570
-5598
-5644
-5556
-5643
-5690
-5701
-5734
-5724
-5790
-5828
-5841
-5857
-5866
-5897
-5946
-5970
-5986
-6027
-6049
-6067
-6125
-6137
-6189
-6193
-6209
-6231
-6259
-6252
-6331
-6345
-6412
-6405
-6430
-6494
-6519
-6521
-6537
-6689
-6658
-6732
-6736
-6798
-6856
-6877
-6895
-6973
-6997
-7049
-7154
-7106
-7078
-7136
-7173
-7201
-7165
-7222
-7301
-7293
-7325
-7336
-7406
-7431
-7454
-7507
-7529
-7562
-7590
-7609
-7631
-7657
-7711
-7721
-7639
-7804
-7813
-7841
-7893
-7907
-7922
-7992
-7972
-8035
-8046
-8079
-8133
-8179
-8189
-8224
-8258
-8272
-8318
-8349
-8365
-8413
-8445
-8465
-8496
-8532
-8560
-8624
-8705
-8657
-8666
-8753
-8784
-8782
-8823
-8854
-8876
-8931
-8945
-8981
-8996
-9064
-9071
-9095
-9139
-9117
-9191
-9216
