The following numbers represent the time difference in MICROSECONDS
between the reception ACK of rpi-D106-1 and rpi-D106-2 :

217
223
199
207
224
223
206
217
195
199
175
210
187
242
175
218
186
258
213
121
310
261
241
212
222
236
213
220
205
204
228
255
239
227
226
212
208
228
292
192
179
246
192
225
186
353
242
131
225
233
210
265
241
249
242
254
228
227
203
267
273
258
329
256
239
206
237
257
187
230
246
197
236
244
289
254
234
275
275
265
248
249
217
210
226
398
262
247
257
259
356
259
252
228
265
252
270
252
260
258
266
60
255
266
251
258
277
240
249
255
270
294
258
283
287
291
263
267
247
304
277
293
311
270
246
275
305
248
255
275
261
267
241
263
287
265
267
264
281
272
269
277
242
275
268
291
277
278
276
268
272
287
304
311
282
299
286
269
286
290
269
295
265
252
361
280
286
301
271
290
286
273
287
300
280
278
256
277
288
254
312
257
286
254
264
277
284
279
290
283
271
323
282
298
284
231
281
347
289
261
280
258
289
292
303
286
275
114
303
275
315
282
291
310
274
295
294
258
285
